0 0.78984375 0.4125 0.09453125 0.09609375
0 0.2640625 0.35 0.07890625 0.0984375
0 0.27265625 0.2890625 0.05234375 0.03359375
0 0.3625 0.259375 0.03359375 0.05703125
0 0.4296875 0.265625 0.03515625 0.04453125
0 0.40546875 0.240625 0.028125 0.05625
0 0.4453125 0.2203125 0.0296875 0.0359375
1 0.55859375 0.1890625 0.0296875 0.05546875
0 0.6265625 0.2265625 0.03203125 0.04765625
0 0.5921875 0.203125 0.02109375 0.03046875
0 0.5265625 0.2125 0.0265625 0.0359375
0 0.34453125 0.23203125 0.01953125 0.05859375