0 0.7359375 0.42421875 0.08984375 0.11640625
0 0.78515625 0.31484375 0.084375 0.0625
0 0.60390625 0.315625 0.05546875 0.0609375
0 0.3984375 0.35859375 0.06171875 0.084375
0 0.17421875 0.41640625 0.09609375 0.0984375
0 0.6390625 0.275 0.05234375 0.06484375
0 0.6875 0.2859375 0.04453125 0.05859375
1 0.66875 0.2203125 0.04921875 0.034375
0 0.5640625 0.2375 0.04609375 0.05390625
0 0.3921875 0.1875 0.03515625 0.04609375
0 0.58046875 0.196875 0.04375 0.03203125
0 0.43203125 0.2125 0.0359375 0.06640625
0 0.421875 0.16171875 0.02890625 0.05078125
0 0.59296875 0.17890625 0.03359375 0.03515625