0 0.92890625 0.721875 0.14140625 0.24375
0 0.95703125 0.53671875 0.0859375 0.1578125
0 0.72734375 0.54921875 0.16796875 0.1796875
0 0.34453125 0.2484375 0.0390625 0.05625
0 0.44296875 0.228125 0.03984375 0.05703125
1 0.5890625 0.13828125 0.0359375 0.0421875
1 0.6390625 0.196875 0.0390625 0.07109375
1 0.58515625 0.21875 0.03515625 0.05859375
0 0.590625 0.18046875 0.02734375 0.02890625
0 0.58828125 0.2125 0.0421875 0.04375
0 0.63828125 0.19453125 0.025 0.04765625
0 0.41796875 0.175 0.02109375 0.04296875
0 0.46484375 0.146875 0.02421875 0.03671875