0 0.9390625 0.7640625 0.121875 0.26640625
0 0.859375 0.4390625 0.09140625 0.12734375
0 0.74921875 0.303125 0.06953125 0.10625
0 0.35546875 0.3296875 0.06953125 0.10703125
0 0.46953125 0.2515625 0.0515625 0.0984375
0 0.67578125 0.23125 0.03828125 0.07265625
0 0.61953125 0.20703125 0.021875 0.04140625
0 0.6046875 0.19296875 0.03046875 0.03203125
0 0.609375 0.171875 0.01796875 0.0328125
0 0.57421875 0.1890625 0.02734375 0.0359375
0 0.546875 0.18671875 0.01796875 0.03828125
0 0.5609375 0.16953125 0.01640625 0.028125
0 0.47890625 0.1765625 0.015625 0.0234375
0 0.43828125 0.1765625 0.0234375 0.04296875