0 0.76953125 0.46953125 0.11640625 0.14453125
0 0.75703125 0.33515625 0.09453125 0.071875
0 0.71640625 0.2484375 0.0671875 0.0671875
0 0.61875 0.178125 0.03515625 0.053125
0 0.57421875 0.18046875 0.0234375 0.07265625
0 0.54140625 0.175 0.028125 0.02421875
0 0.5859375 0.16640625 0.025 0.0328125
0 0.3015625 0.2640625 0.0484375 0.10703125
0 0.39921875 0.2328125 0.04296875 0.04375
1 0.39765625 0.14765625 0.03671875 0.05625
0 0.0359375 0.553125 0.071875 0.14453125
0 0.41953125 0.171875 0.0265625 0.03046875