0 0.89453125 0.44140625 0.14921875 0.12578125
0 0.8953125 0.6296875 0.16953125 0.165625
0 0.72734375 0.62421875 0.13359375 0.1890625
0 0.77578125 0.29765625 0.0734375 0.07578125
0 0.63203125 0.271875 0.06640625 0.03671875
0 0.57578125 0.26171875 0.03359375 0.05703125
0 0.31796875 0.27890625 0.0515625 0.09296875
0 0.365625 0.209375 0.04140625 0.0578125
0 0.42578125 0.18359375 0.02421875 0.02578125
0 0.625 0.21328125 0.04453125 0.04296875
0 0.63515625 0.1890625 0.04609375 0.04296875
0 0.55234375 0.20703125 0.03359375 0.03125
0 0.5859375 0.178125 0.03515625 0.0140625
0 0.55703125 0.1625 0.01796875 0.02109375
0 0.39453125 0.1828125 0.02578125 0.05234375