0 0.7078125 0.559375 0.14609375 0.20703125
0 0.23046875 0.32109375 0.07421875 0.096875
0 0.58046875 0.27421875 0.06171875 0.0671875
0 0.75703125 0.296875 0.09765625 0.0703125
1 0.6296875 0.2125 0.05390625 0.0484375
1 0.646875 0.20390625 0.03671875 0.065625
1 0.59140625 0.20859375 0.04140625 0.05625
0 0.353125 0.2171875 0.03515625 0.0671875
0 0.41953125 0.215625 0.03203125 0.05390625
0 0.40625 0.1671875 0.02109375 0.02421875
0 0.44609375 0.1796875 0.0296875 0.03359375
0 0.58125 0.1703125 0.021875 0.025