0 0.78125 0.80390625 0.203125 0.265625
0 0.953125 0.7984375 0.09375 0.21953125
0 0.8796875 0.51328125 0.11796875 0.1296875
0 0.70703125 0.41875 0.0890625 0.103125
0 0.79296875 0.36328125 0.06796875 0.103125
0 0.68984375 0.2796875 0.04453125 0.04609375
0 0.6265625 0.2671875 0.03203125 0.04921875
0 0.60078125 0.2359375 0.03671875 0.034375
0 0.55546875 0.2296875 0.03046875 0.0375
1 0.5515625 0.1734375 0.03203125 0.0484375
0 0.5984375 0.20546875 0.03671875 0.02890625
0 0.35859375 0.2421875 0.03125 0.0671875
0 0.44296875 0.24453125 0.0203125 0.0484375
0 0.41640625 0.23046875 0.02890625 0.04296875
0 0.3859375 0.19921875 0.02109375 0.03203125
0 0.4203125 0.18984375 0.01640625 0.02890625
0 0.51171875 0.18046875 0.0296875 0.02890625